[0,6780642855247225
 0,852535555342009
 0,7380815848260649
 0,6785133489127545
 0,6785149077590014
 0,6793180006302061
 0,6793195726821625
 0,6785149077590014
 0,6785149077590014
 0,7045003035178526
 0,7044995093097595
 0,7579351409564424
 0,6785141283356542
 0,6785141283356542
 0,6785141283356542
 0,6785141528844141
 0,6785133489127545
 0,6785149200333884
 0,7309723625423828
 0,7309723625423828
 0,7309723880224513
 0,7309739932676617
 0,7309740187477585
 0,7577093065653876
 0,7577093065653876
 0,7577093065653876
 0,7577093065653876
 0,7577101367057243
 0,7577101367057243
 0,7308548468210285
 0,7308548531905336
 0,7309738849772546
 0,7309853064743654
 0,7576038824388149
 0,7309739168273734
 0,7309739168273734
 0,7306461776251719
 0,7306461776251719
 0,7306609018924936
 0,7041801676317
 0,627996867917161
 0,6279952973727506
 0,8381502889206184
 0,8381502889206184
 0,8381502889206184
 0,8381504116994758
 0,8381507254677083
 0,8381507254677083
 0,8381507254677083
 0,8381507254677083
 0,8381770412819606
 0,8381770412819606
 0,8381770412819606
 0,8381770412819606
 0,8381766047280174
 0,8381770276396481
 0,838149183911305
 0,8417291075193016
 0,8417291075193016
 0,9564934419162394
 0,9564929609938494
 0,95602487682073
 0,9868241814206955
 0,9559054661610336
 0,9559055827124582
 0,9712431291646731
 0,9559055827124582
 0,9559054661610336
 0,9406899890902233
 0,9411635129977208
 0,9411635129977208
 0,9411635129977208
 0,9411635129977208
 0,8452163359102609
 0,8962377127095301
 0,8962413240806715
 0,8962377127095301
 0,8962377127095301
 0,8962377127095301
 0,8962377127095301
 0,8962417755025757
 0,8962417755025757
 0,8962417755025757
 0,9260703057705343
 0,9260703057705343
 0,9260703021855925
 0,9256261668297262
 0,9256261704138081
 0,9256298978628151
 0,9256298978628151
 0,9256298978628151
 0,9256298978628151
 0,9073443637707104
 0,9073448179802158
 0,9073448179802158
 0,9073448179802158
 0,9073702467968453
 0,9073593527444191
 0,9609288842907366
 0,9373560364847513
 0,9073448179802158]
[0,0060732067929302885
 0,3011998806522324
 0,371026696488184
 0,6368932984251318
 0,6368932984251318
 0,10353157668672609
 0,6373041783881253
 0,6373039940033056
 0,6530162639743046
 0,6529916031287045
 0,652968471967768
 0,603487672918795
 0,6034632306788513
 0,6034632306788513
 0,6034869378501332
 0,6034869378501332
 0,6034869378501332
 0,3291449858043803
 0,6034395239732308
 0,6034335973695852
 0,6034335973695852
 0,6032854648850878
 0,3291548342901695
 0,36598890749533897
 0,6031906316785154
 0,6031905390942088
 0,6031905390942088
 0,6031905390942088
 0,6031905390942088
 0,6031906316785154
 0,6031905390942088
 0,6031905390942088
 0,6031905390942088
 0,5794560521597116
 0,6031905622402848
 0,6031905622402848
 0,6031921130283839
 0,6031921130283839
 0,6031921130283839
 0,6031905622402848
 0,6031905622402848
 0,6031905622402848
 0,6031905622402848
 0,6031921130283839
 0,6031921361744901
 0,6246140880858745
 0,6246142176302938
 0,5761954433870009
 0,5758248607124156
 0,5758247702526852
 0,5764576646210745
 0,5764576646210745
 0,6246141705232308
 0,6248071359512766
 0,6248975987547734
 0,6248978932407379
 0,40227920425115826
 0,6248978932407379
 0,7819061643504753
 0,7818066723676927
 0,7817986616345192
 0,7817986616345192
 0,7817986616345192
 0,7817986616345192
 0,785256358334618
 0,8375987206653123
 0,8374869778548809
 0,8374869778548809
 0,8374869778548809
 0,8380456300367924
 0,7818066723676927
 0,7818066723676927
 0,44282146878585815
 0,7818066723676927
 0,7818066723676927
 0,7818066723676927
 0,7818066723676927
 0,7818100453202544
 0,7818100453202544
 0,7813792095377791
 0,7818100453202544
 0,7818100453202544
 0,7818100453202544
 0,7814019708837335
 0,7813749945100932
 0,14742081292471768
 0,7814023923932665
 0,8997120453915262
 0,8997120453915262
 0,8997084305681113
 0,8997120453915262
 0,8997007415837083
 0,8997007380501753
 0,8960066000904783
 0,8960066000904783
 0,8960066000904783
 0,8997120489250815
 0,8999183072995366
 0,8999183072995366
 0,8999183037655764
 0,8999183072995366]
[0,23006032769507775
 0,5594935187592788
 0,6370670311599387
 0,6576973282123916
 0,6619508465656981
 0,6023730267847088
 0,6668346810008627
 0,6626224887218832
 0,6733716911018854
 0,6683562986719839
 0,6785959433992229
 0,6738331714973864
 0,6534436448822115
 0,6633353064512768
 0,6558374141981327
 0,6631741727768301
 0,6558412554046142
 0,6210668506255843
 0,6612448379709975
 0,6664860844058844
 0,6536872416474508
 0,6867078539447133
 0,6130125271641156
 0,6302183596518638
 0,6642673667769203
 0,6563976568737643
 0,663927644567402
 0,6541879403495715
 0,6691131858171654
 0,6387361190715704
 0,6387475544429255
 0,6588512099148105
 0,6746126368827997
 0,6546020727192172
 0,64153003944928
 0,6287656554714706
 0,6285474398830926
 0,6258630475668585
 0,6282846294805724
 0,6280972852485167
 0,620138720131209
 0,6148781588410757
 0,6359033248045162
 0,6612327207922881
 0,7160089515751882
 0,7630053058471605
 0,8057066994794573
 0,7746694875647723
 0,74843436505402
 0,7167401889972784
 0,74791116529905
 0,7478819531375376
 0,752732239267951
 0,7471893064298358
 0,7685131621548733
 0,7842324398430225
 0,7350221444024762
 0,7902146913899966
 0,827219946096122
 0,8561319692218321
 0,8796233628562934
 0,8565309621603443
 0,8810815083769681
 0,8593597464598595
 0,8649363108794956
 0,8938217859195816
 0,890755244433637
 0,8908334573663671
 0,8797642079252475
 0,8695581279102275
 0,8424220149892339
 0,8202382767935917
 0,7919416530494865
 0,7993961048462819
 0,8180775720707734
 0,8184136026643802
 0,8006291822221098
 0,8235157712372734
 0,8282262256402524
 0,8052976929080773
 0,8171322720210512
 0,8292665249753657
 0,8403639121787636
 0,8659149520168482
 0,8540447337919259
 0,5774695688110801
 0,8788444491671046
 0,9024887380056776
 0,9024655842159367
 0,9024653121440261
 0,9032075646353743
 0,9039500966064988
 0,9005637994211944
 0,9002168662804344
 0,9006799072209336
 0,9015148922608864
 0,9016768494358823
 0,9016258500357022
 0,90765560345959
 0,905294677621433
 0,9009526426560341]